    L = 50e-3;
    
    f = 50;
    
    E=100;
    
    R=10;
    